32147 0.089822 0.000991452385432 0.0 311.413079177
76151 0.062876 0.00145528147494 0.0 17.7413237863
76151 0.196608 0.00169798718776 0.0 10.2333793448
76151 0.409681 0.00203176370159 0.0 2.45213362175
10072 0.16567 0.00535139606157 0.0 9.82662830409
219834A 0.061379 0.00132348625755 0.0 9.15167674626
60522 0.178145 0.1750915664 0.0 20.9716662183
201091 0.139722 0.000513362913889 0.0 118.313937976
201091 0.047407 0.000707914949625 0.0 19.2290336429
27022 0.177147 0.00578004966405 0.0 42.5651186538
1835 0.122257 0.00103427075944 0.0 3.57051055403
82635 0.113774 0.00461362204617 0.0 54.928353367
152391 0.11078 0.000612778664201 0.0 8.66757796326
152391 0.072856 0.000954355797469 0.0 7.59469504569
166620 0.061878 0.00111510202723 0.0 58.5219640359
10476 0.094313 0.000669571136646 0.0 110.352904341
114710 0.060381 0.000833638709422 0.0 8.61931192606
30495 0.091818 0.00167253729584 0.0 4.6683679681
16160 0.080341 0.000901501870795 0.0 154.222790806
3651 0.058884 0.0013727026606 0.0 41.1334564866
78366 0.068365 0.00108224938136 0.0 21.2837648006
155886 0.200101 0.00177574393832 0.0 16.8975502504
155886 0.09581 0.00189343379723 0.0 18.6236249711
101501 0.150201 0.00205338342603 0.0 3.11698186343
101501 0.215071 0.00127497551185 0.0 5.37287460277
201092 0.08583 0.000711945655267 0.0 22.2844579317
157856 0.083335 0.00113277325304 0.0 3.27942055548
81809 0.123255 0.000625180189036 0.0 67.5061375481
37394 0.171658 0.00230404471207 0.0 20.1848108298
103095 0.140221 0.000607279319496 0.0 86.3848604803
219834B 0.107287 0.00097117767317 0.0 25.1620434944
29317 0.12575 0.0810952758705 0.0 103.387002392
29317 0.148205 0.00327349028927 0.0 8.52879567808
10780 0.132736 0.00270518897665 0.0 98.7004615895
10780 0.293913 0.00394501383884 0.0 5.5483067738
85444 0.44511 0.0036526988174 0.0 5.60104504892
68290 0.181638 0.00393009543247 0.0 16.5628893553
185144 0.150201 0.00113240360484 0.0 131.676711004
26965 0.093814 0.000941931307582 0.0 229.004133637
88737 0.086329 0.00171951510544 0.0 3.88875416739
SUN 0.091818 0.000287814174906 0.0 86.6302899569
20630 0.178644 0.00109798858741 0.0 2.67334519385
160346 0.138724 0.00054711224932 0.0 265.780872047
165341A 0.192616 0.00113424411766 0.0 30.9237708387
165341A 0.061878 0.00586264711668 0.0 2.97939279533
156026 0.05589 0.00157095003868 0.0 10.772360182
4628 0.116768 0.00080696517781 0.0 212.191506151
4628 0.172656 0.00148113914297 0.0 9.35982412514
4628 0.076848 0.00223042699203 0.0 4.67177099206
146233 0.089323 0.00310972060185 0.0 9.45359996442
